free_thresh: 0.196
image: cube.pgm
negate: 0
occupied_thresh: 0.65
origin: [-9.949999999999989, -9.899999999999991, 0.0]
resolution: 0.05
