free_thresh: 0.196
image: geb78_small.pgm
negate: 0
occupied_thresh: 0.65
origin: [-1.1499999999999915, -2.3999999999999915, 0.0]
resolution: 0.05
