free_thresh: 0.196
image: pakour.pgm
negate: 0
occupied_thresh: 0.65
origin: [-0.8999999999999915, -2.8499999999999943, 0.0]
resolution: 0.05
